tree
version=v4
num_class=1
num_tree_per_iteration=1
label_index=0
max_feature_idx=3
objective=binary sigmoid:1
feature_names=IOPS SeqRatio AvgStride UniqRatio
feature_infos=[1.1000000000000001:1488060.8] [0:1] [0.90000000000000002:593350.40000000002] [0.57999999999999996:1]
tree_sizes=868 781 1099 1094 992 884 987 991 1001 1100 1088 1200 988 1092 1097 1083 1106 1084 1098 1099 1098 1103 1104 1094 1103 1102 1097 1101 1098 1103

Tree=0
num_leaves=7
num_cat=0
split_feature=1 0 1 0 1 0
split_gain=169356 113.229 0.305679 0.301342 1.07137 0.219149
threshold=0.92000000000000015 110418.40000000001 0.015000000000000001 163301.85000000003 0.96500000000000008 1030185.2500000001
decision_type=2 2 2 2 2 2
left_child=2 -2 -1 4 -3 -5
right_child=1 3 -4 5 -6 -7
leaf_value=-2.1874957045724233 -1.935255020721377 -1.1785329691682382 -2.1569210762268418 -1.1787554526821089 -1.2481166060926647 -1.1846478948373544
leaf_weight=14930.086038216949 1.9822338223457325 9.6138340383768064 3.2706858068704596 1797.8860768675804 2.8742390424013129 65.41371613740921
leaf_count=150639 20 97 33 18140 29 660
internal_value=-2.07494 -1.17986 -2.18749 -1.17907 -1.19455 -1.17896
internal_weight=16811.1 1877.77 14933.4 1875.79 12.4881 1863.3
internal_count=169618 18946 150672 18926 126 18800
is_linear=0
shrinkage=1


Tree=1
num_leaves=6
num_cat=0
split_feature=1 0 0 2 1
split_gain=78305.2 23.3098 0.0984711 0.0781168 3.38229e-05
threshold=0.67000000000000015 104803.15000000001 131147.10000000003 4.3500000000000005 0.015000000000000001
decision_type=2 2 2 2 2
left_child=4 -2 -3 -4 -1
right_child=1 2 3 -5 -6
leaf_value=-0.11121973899025578 0.1050316087485067 0.44204403908192219 0.42490101319113871 0.42197602932291378 -0.1115680752092082
leaf_weight=13663.324386812747 2.2806432470679274 3.3225873336195937 3307.6110323891044 93.897664546966553 2.7880621701478949
leaf_count=150639 21 19 18387 522 30
internal_value=-0.00428767 0.424623 0.424837 0.42482 -0.11122
internal_weight=17073.2 3407.11 3404.83 3401.51 13666.1
internal_count=169618 18949 18928 18909 150669
is_linear=0
shrinkage=0.1


Tree=2
num_leaves=9
num_cat=0
split_feature=1 0 2 0 2 1 0 0
split_gain=55243.2 12.5015 0.0353073 0.157374 0.0344042 2.41888e-05 1.81899e-12 2.27374e-13
threshold=0.67000000000000015 104803.15000000001 4.3500000000000005 229910.00000000003 1.5500000000000003 0.015000000000000001 357969.35000000003 698497.45000000007
decision_type=2 2 2 2 2 2 2 2
left_child=5 -2 4 -4 -3 6 -1 -8
right_child=1 2 3 -5 -6 -7 7 -9
leaf_value=-0.11003877318741302 0.087073798478962197 0.3115966872644278 0.29240074124977727 0.31137209889987166 0.31250620039932864 -0.11034684151295937 -0.11003877318741302 -0.11003877318741302
leaf_weight=11445.753067433834 2.4648690372705451 471.39954680204391 4.555114969611167 109.10471054911613 3532.8318585902452 2.5492306798696509 1040.3948777541518 2.818824276328086
leaf_count=138056 21 2167 21 502 16238 30 12549 34
internal_value=-0.00530433 0.312215 0.31235 0.310612 0.312399 -0.110039 -0.110039 -0.110039
internal_weight=16611.9 4120.36 4117.89 113.66 4004.23 12491.5 12489 1043.21
internal_count=169618 18949 18928 523 18405 150669 150639 12583
is_linear=0
shrinkage=0.1


Tree=3
num_leaves=9
num_cat=0
split_feature=1 0 0 1 0 1 0 2
split_gain=42880.5 8.6832 0.0343105 1.20297 0.0336531 1.73638e-05 1.81899e-12 3.55271e-15
threshold=0.67000000000000015 104803.15000000001 1030185.2500000001 0.99500000000000011 163301.85000000003 0.015000000000000001 611860.50000000012 478988.85000000003
decision_type=2 2 2 2 2 2 2 2
left_child=5 -2 4 -4 -3 6 -1 -8
right_child=1 2 3 -5 -6 -7 7 -9
leaf_value=-0.10899272383116548 0.073360638126678479 0.25205510453470592 0.25575907987929858 0.21304942180867534 0.25541063985732659 -0.10926584063850429 -0.10899272383116546 -0.10899272383116548
leaf_weight=11381.430491119623 2.623686581850051 30.096468895673752 150.11171793937683 6.8978270441293708 4321.0695086270571 2.3282901942729941 14.98861473798752 6.9644068479537955
leaf_count=150349 21 127 631 29 18141 30 198 92
internal_value=-0.0057709 0.255229 0.255335 0.253883 0.255387 -0.108993 -0.108993 -0.108993
internal_weight=15916.5 4510.8 4508.18 157.01 4351.17 11405.7 11403.4 21.953
internal_count=169618 18949 18928 660 18268 150669 150639 290
is_linear=0
shrinkage=0.1


Tree=4
num_leaves=8
num_cat=0
split_feature=1 0 0 2 0 1 0
split_gain=34853.3 6.86644 0.0331749 0.372137 0.0330384 1.25039e-05 1.81899e-12
threshold=0.67000000000000015 104803.15000000001 163301.85000000003 2.8500000000000001 1030185.2500000001 0.015000000000000001 642310.70000000007
decision_type=2 2 2 2 2 2 2
left_child=5 -2 3 -3 -4 6 -1
right_child=1 2 4 -5 -6 -7 -8
leaf_value=-0.10806411570363675 0.062550815725487735 0.22430977546803985 0.22036008084227865 0.20071535383817235 0.21891278617695079 -0.1083067468461042 -0.10806411570363675
leaf_weight=10394.601378314197 2.7613526284694663 21.715266063809398 4496.1095301657915 9.6577462255954725 163.46102076768875 2.1244246512651435 7.7341297864913932
leaf_count=150527 21 88 18141 39 660 30 112
internal_value=-0.00601533 0.220195 0.220287 0.217047 0.220309 -0.108064 -0.108064
internal_weight=15098.2 4693.7 4690.94 31.373 4659.57 10404.5 10402.3
internal_count=169618 18949 18928 127 18801 150669 150639
is_linear=0
shrinkage=0.1


Tree=5
num_leaves=7
num_cat=0
split_feature=1 0 0 2 0 1
split_gain=29105.5 5.8584 0.0362818 0.286181 0.0339474 9.03296e-06
threshold=0.67000000000000015 104803.15000000001 163301.85000000003 2.8500000000000001 1030185.2500000001 0.015000000000000001
decision_type=2 2 2 2 2 2
left_child=5 -2 3 -3 -4 -1
right_child=1 2 4 -5 -6 -7
leaf_value=-0.10723809992803923 0.053824219874917589 0.19941977619247039 0.19653606301470805 0.17883203985292742 0.19507569937774649 -0.10745408545294566
leaf_weight=9481.213272370398 2.8812057077884665 21.963954821228985 4533.8756659030914 9.7486712634563428 164.97018550336361 1.9367319345474232
leaf_count=150639 21 88 18141 39 660 30
internal_value=-0.00614952 0.196375 0.196462 0.193091 0.196485 -0.107238
internal_weight=14216.6 4733.44 4730.56 31.7126 4698.85 9483.15
internal_count=169618 18949 18928 127 18801 150669
is_linear=0
shrinkage=0.1


Tree=6
num_leaves=8
num_cat=0
split_feature=1 0 0 1 0 1 0
split_gain=24738.6 5.24391 0.0406389 0.312075 0.0364983 6.5417e-06 1.81899e-12
threshold=0.67000000000000015 104803.15000000001 163301.85000000003 0.96500000000000008 1030185.2500000001 0.015000000000000001 642310.70000000007
decision_type=2 2 2 2 2 2 2
left_child=5 -2 3 -3 -4 6 -1
right_child=1 2 4 -5 -6 -7 -8
leaf_value=-0.10650206751895841 0.046648647678341322 0.1810677075146164 0.17929075094497682 0.15735484242592668 0.177767400626892 -0.10669464609354873 -0.10650206751895841
leaf_weight=8628.7945628501475 2.985929235816001 24.189296290278438 4475.3957146257162 7.2025123536586753 163.00863958895206 1.7642633244395245 6.420276701450347
leaf_count=150527 21 98 18141 29 660 30 112
internal_value=-0.0062232 0.179128 0.179213 0.175627 0.179237 -0.106502 -0.106502
internal_weight=13309.8 4672.78 4669.8 31.3918 4638.4 8636.98 8635.21
internal_count=169618 18949 18928 127 18801 150669 150639
is_linear=0
shrinkage=0.1


Tree=7
num_leaves=8
num_cat=0
split_feature=1 0 0 1 0 1 0
split_gain=21287.8 4.09037 0.0607277 0.27493 0.0401709 4.74759e-06 1.81899e-12
threshold=0.67000000000000015 110418.40000000001 163301.85000000003 0.96500000000000008 1030185.2500000001 0.015000000000000001 698497.45000000007
decision_type=2 2 2 2 2 2 2
left_child=5 -2 3 -3 -4 6 -1
right_child=1 2 4 -5 -6 -7 -8
leaf_value=-0.10584519338296268 0.055151482856289541 0.16695252911496175 0.16625511519331918 0.14443660480415757 0.16463499617225386 -0.1060171430674914 -0.10584519338296268
leaf_weight=7857.70483430475 3.3212732076644889 23.295388475060467 4349.8500089943409 7.0685558170080176 158.62555548548698 1.6060516610741604 1.7739249318838108
leaf_count=150605 22 97 18141 29 660 30 34
internal_value=-0.00626165 0.166087 0.166168 0.161711 0.166198 -0.105845 -0.105845
internal_weight=12403.2 4542.16 4538.84 30.3639 4508.48 7861.08 7859.48
internal_count=169618 18949 18927 126 18801 150669 150639
is_linear=0
shrinkage=0.1


Tree=8
num_leaves=8
num_cat=0
split_feature=1 0 1 0 1 0 0
split_gain=18484.4 3.75976 0.129929 0.0690218 3.4535e-06 9.09495e-13 1.42109e-14
threshold=0.67000000000000015 114625.25000000001 0.93500000000000016 163301.85000000003 0.015000000000000001 484412.65000000008 611860.50000000012
decision_type=2 2 2 2 2 2 2
left_child=4 -2 -3 -4 5 -1 -7
right_child=1 2 3 -5 -6 6 -8
leaf_value=-0.10525812183504152 0.054617621345218373 0.13880010852910893 0.15106982990437676 0.15604130222750298 -0.10541187688178771 -0.10525812183504152 -0.10525812183504152
leaf_weight=7084.2650084607303 3.6615849137306204 4.3916566371917716 28.107844486832619 4327.7626679688692 1.4611338078975666 51.160893134772778 13.763134516775606
leaf_count=149271 23 19 121 18786 30 1078 290
internal_value=-0.00627889 0.155907 0.155992 0.156009 -0.105258 -0.105258 -0.105258
internal_weight=11514.6 4363.92 4360.26 4355.87 7150.65 7149.19 64.924
internal_count=169618 18949 18926 18907 150669 150639 1368
is_linear=0
shrinkage=0.1


Tree=9
num_leaves=9
num_cat=0
split_feature=1 0 0 1 0 1 0 0
split_gain=16160.4 3.77858 0.0705765 0.312249 0.0548573 2.51679e-06 9.09495e-13 9.09495e-13
threshold=0.67000000000000015 114625.25000000001 163301.85000000003 0.96500000000000008 1030185.2500000001 0.015000000000000001 698497.45000000007 461574.80000000005
decision_type=2 2 2 2 2 2 2 2
left_child=5 -2 3 -3 -4 6 7 -1
right_child=1 2 4 -5 -6 -7 -8 -9
leaf_value=-0.10473279447898923 0.04768047389057492 0.14875905495673963 0.14795979944124082 0.12385378935691183 0.1459821762325354 -0.10487044455469748 -0.10473279447898923 -0.10473279447898923
leaf_weight=6403.2108176797628 3.7687487304210654 21.147162929177288 3977.7441210746765 6.6068219244480124 145.39104849100113 1.3285658508539189 1.4670033678412426 94.966894488781691
leaf_count=148404 23 96 18141 29 660 30 34 2201
internal_value=-0.00628313 0.147765 0.147856 0.14283 0.14789 -0.104733 -0.104733 -0.104733
internal_weight=10655.6 4154.66 4150.89 27.754 4123.14 6500.97 6499.64 6498.18
internal_count=169618 18949 18926 125 18801 150669 150639 150605
is_linear=0
shrinkage=0.1


Tree=10
num_leaves=9
num_cat=0
split_feature=1 0 0 2 0 1 0 0
split_gain=14204.2 3.28433 0.0792889 0.327315 0.0603257 1.83695e-06 9.09495e-13 9.09495e-13
threshold=0.67000000000000015 118565.05 163301.85000000003 2.8500000000000001 1030185.2500000001 0.015000000000000001 698497.45000000007 611860.50000000012
decision_type=2 2 2 2 2 2 2 2
left_child=5 -2 3 -3 -4 6 7 -1
right_child=1 2 4 -5 -6 -7 -8 -9
leaf_value=-0.10426218835636028 0.055582297492430835 0.14330403014104295 0.1413393964878755 0.11897176268189705 0.13920773170476794 -0.10438554458189316 -0.10426218835636028 -0.10426218835636028
leaf_weight=5894.9422008469701 4.4826549142599097 17.675476014614109 3758.9042570441961 8.044537425041197 137.61965689063072 1.2074353918433178 1.3330852538347233 10.0373477935791
leaf_count=150349 26 84 18141 38 660 30 34 256
internal_value=-0.00627938 0.14113 0.141228 0.135694 0.141264 -0.104262 -0.104262 -0.104262
internal_weight=9834.25 3926.73 3922.24 25.72 3896.52 5907.52 5906.31 5904.98
internal_count=169618 18949 18923 122 18801 150669 150639 150605
is_linear=0
shrinkage=0.1


Tree=11
num_leaves=10
num_cat=0
split_feature=1 0 0 1 0 1 0 0 0
split_gain=12537.8 3.4445 0.0882559 0.367534 0.0667571 1.34249e-06 9.09495e-13 9.09495e-13 1.77636e-15
threshold=0.67000000000000015 118565.05 163301.85000000003 0.96500000000000008 1030185.2500000001 0.015000000000000001 611860.50000000012 295251.65000000008 698497.45000000007
decision_type=2 2 2 2 2 2 2 2 2
left_child=5 -2 3 -3 -4 6 7 -1 -8
right_child=1 2 4 -5 -6 -7 8 -9 -10
leaf_value=-0.10384019074333331 0.048937226244957187 0.13679097253050801 0.1358648075717501 0.10828750587997765 0.13355325182545397 -0.10395083331354991 -0.10384019074333331 -0.10384019074333331 -0.10384019074333331
leaf_weight=4235.7918746471405 4.5768515765666953 18.273721426725391 3531.0518361181021 6.0121218860149375 129.51901845633984 1.0968684777617443 9.1171951293945295 1118.7439476549625 1.2108774781227101
leaf_count=118936 26 93 18141 29 660 30 256 31413 34
internal_value=-0.00627079 0.135635 0.135743 0.129735 0.135783 -0.10384 -0.10384 -0.10384 -0.10384
internal_weight=9055.39 3689.43 3684.86 24.2858 3660.57 5365.96 5364.86 5354.54 10.3281
internal_count=169618 18949 18923 122 18801 150669 150639 150349 290
is_linear=0
shrinkage=0.1


Tree=12
num_leaves=8
num_cat=0
split_feature=1 0 0 1 0 1 0
split_gain=11105.2 3.59681 0.0974922 0.378049 0.07414 9.82873e-07 9.09495e-13
threshold=0.67000000000000015 118565.05 163301.85000000003 0.96500000000000008 1030185.2500000001 0.015000000000000001 361657.00000000006
decision_type=2 2 2 2 2 2 2
left_child=5 -2 3 -3 -4 6 -1
right_child=1 2 4 -5 -6 -7 -8
leaf_value=-0.10346142166388415 0.043224118351927437 0.13208940187036119 0.13128094149396624 0.10241912722123492 0.12876390510589816 -0.10356076883227397 -0.10346142166388415
leaf_weight=4503.4273446500301 4.6589575707912436 17.092497721314434 3300.7552692592144 5.7354380488395682 121.32502433657646 0.99603530019521613 367.76728843152523
leaf_count=139266 26 93 18141 29 660 30 11373
internal_value=-0.00625935 0.13103 0.131148 0.124635 0.131192 -0.103461 -0.103461
internal_weight=8321.76 3449.57 3444.91 22.8279 3422.08 4872.19 4871.19
internal_count=169618 18949 18923 122 18801 150669 150639
is_linear=0
shrinkage=0.1


Tree=13
num_leaves=9
num_cat=0
split_feature=1 0 1 0 1 0 1 0
split_gain=9864.26 4.42413 0.581657 0.108607 0.392727 0.0842292 6.48238e-07 1.81899e-12
threshold=0.92000000000000015 118565.05 0.15500000000000003 163301.85000000003 0.96500000000000008 1030185.2500000001 0.015000000000000001 396080.70000000001
decision_type=2 2 2 2 2 2 2 2
left_child=2 -2 6 4 -3 -5 7 -1
right_child=1 3 -4 5 -6 -7 -8 -9
leaf_value=-0.10312120565400509 0.027144300835894409 0.12812036799467749 -0.00837548518712696 0.12743160351899779 0.097044828553431758 0.1246541608027753 -0.10321046734923532 -0.10312120565400509
leaf_weight=4220.67735712789 4.4177594631910315 15.920078560709955 0.64805416762828727 3072.5798124074936 5.4620993286371222 113.21049711108208 0.81373769044875999 200.76240532100201
leaf_count=143799 24 93 6 18140 29 660 27 6840
internal_value=-0.00624639 0.127147 -0.103107 0.127285 0.120182 0.127333 -0.103121 -0.103121
internal_weight=7634.49 3211.59 4422.9 3207.17 21.3822 3185.79 4422.25 4421.44
internal_count=169618 18946 150672 18922 122 18800 150666 150639
is_linear=0
shrinkage=0.1


Tree=14
num_leaves=9
num_cat=0
split_feature=1 0 1 0 1 0 1 0
split_gain=8782.66 5.611 0.681308 0.101433 0.43121 0.0937534 1.02858e-06 9.09495e-13
threshold=0.92000000000000015 110418.40000000001 0.67000000000000015 163301.85000000003 0.96500000000000008 1030185.2500000001 0.015000000000000001 698497.45000000007
decision_type=2 2 2 2 2 2 2 2
left_child=2 -2 6 4 -3 -5 7 -1
right_child=1 3 -4 5 -6 -7 -8 -9
leaf_value=-0.10281538307891532 0.00034879296077031108 0.12533089211618711 0.0078560156212898954 0.12412380072377519 0.092058306522988312 0.12108531631361115 -0.10292684099910963 -0.10281538307891532
leaf_weight=4011.0722224786878 3.6763290762901297 15.555973798036577 0.55633021891116996 2850.427549302578 5.196141079068183 105.29980728030205 0.82814609259366889 0.90552408993244071
leaf_count=150605 20 97 3 18140 29 660 30 34
internal_value=-0.00623269 0.123814 -0.1028 0.123967 0.117 0.124016 -0.102815 -0.102815
internal_weight=6993.52 2980.16 4013.36 2976.48 20.7521 2955.73 4012.81 4011.98
internal_count=169618 18946 150672 18926 126 18800 150669 150639
is_linear=0
shrinkage=0.1


Tree=15
num_leaves=9
num_cat=0
split_feature=1 0 1 0 2 0 1 0
split_gain=7835.28 4.30195 0.669575 0.13292 0.472334 0.104373 7.55488e-07 4.54747e-13
threshold=0.92000000000000015 118565.05 0.67000000000000015 163301.85000000003 2.8500000000000001 1030185.2500000001 0.015000000000000001 352603.50000000006
decision_type=2 2 2 2 2 2 2 2
left_child=2 -2 6 4 -3 -5 7 -1
right_child=1 3 -4 5 -6 -7 -8 -9
leaf_value=-0.1025403036920239 0.022271744086125606 0.12342989277146049 0.007053979657470304 0.12128006308685371 0.08906454153336367 0.11795124039219258 -0.10264059094423504 -0.1025403036920239
leaf_weight=3291.7442609667778 4.411287158727645 12.7860124707222 0.55755789577960868 2636.5166287124157 5.8200551122426978 97.680040791630745 0.75132087618112464 347.68577637523413
leaf_count=136248 24 84 3 18140 38 660 30 14391
internal_value=-0.00621891 0.120946 -0.102524 0.121104 0.11268 0.121161 -0.10254 -0.10254
internal_weight=6397.95 2757.21 3640.74 2752.8 18.6061 2734.2 3640.18 3639.43
internal_count=169618 18946 150672 18922 122 18800 150669 150639
is_linear=0
shrinkage=0.1


Tree=16
num_leaves=9
num_cat=0
split_feature=1 0 1 0 1 0 1 0
split_gain=7001.69 5.39248 0.659106 0.126408 0.519284 0.116159 5.55302e-07 4.54747e-13
threshold=0.92000000000000015 110418.40000000001 0.67000000000000015 163301.85000000003 0.96500000000000008 1030185.2500000001 0.015000000000000001 291907.90000000008
decision_type=2 2 2 2 2 2 2 2
left_child=2 -2 6 4 -3 -5 7 -1
right_child=1 3 -4 5 -6 -7 -8 -9
leaf_value=-0.10229273038283666 -0.0019046909184363724 0.12022216449329151 0.0063354241441841682 0.11881953529354759 0.081314020430870562 0.11516911615846247 -0.10238301084270951 -0.10229273038283666
leaf_weight=2552.5918979272246 3.7171114832162848 13.435413643717768 0.55865523219108482 2432.4676333069801 4.6062785238027564 90.40963439643383 0.68144644796848197 748.06468769535422
leaf_count=116498 20 97 3 18140 29 660 30 34141
internal_value=-0.00620532 0.118453 -0.102274 0.118629 0.110288 0.118689 -0.102293 -0.102293
internal_weight=5846.53 2544.64 3301.9 2540.92 18.0417 2522.88 3301.34 3300.66
internal_count=169618 18946 150672 18926 126 18800 150669 150639
is_linear=0
shrinkage=0.1


Tree=17
num_leaves=9
num_cat=0
split_feature=1 0 3 0 2 0 3 1
split_gain=6265.87 4.22138 1.01349 0.163822 0.526376 0.129189 0.00284594 4.08543e-07
threshold=0.92000000000000015 118565.05 0.97500000000000009 163301.85000000003 2.8500000000000001 1030185.2500000001 0.89500000000000013 0.015000000000000001
decision_type=2 2 2 2 2 2 2 2
left_child=2 -2 6 4 -3 -5 7 -1
right_child=1 3 -4 5 -6 -7 -8 -9
leaf_value=-0.10206979599807875 0.018353943110406029 0.118717636629355 0.056730713978382689 0.1166785280294394 0.079818329541895633 0.11267303620366012 -0.11015120285494302 -0.10215111565963926
leaf_weight=2992.4704076256603 4.3937475681304923 10.991340957581999 0.40194573998451133 2239.2917546182871 5.0894239395856848 83.525166034698486 0.43582930043339629 0.6179267093539228
leaf_count=150625 24 84 2 18140 38 660 15 30
internal_value=-0.0061922 0.116281 -0.10205 0.116465 0.106406 0.116534 -0.102071 -0.10207
internal_weight=5337.22 2343.29 2993.93 2338.9 16.0808 2322.82 2993.52 2993.09
internal_count=169618 18946 150672 18922 122 18800 150670 150655
is_linear=0
shrinkage=0.1


Tree=18
num_leaves=9
num_cat=0
split_feature=1 0 3 0 1 2 3 1
split_gain=5614.15 6.1127 0.942073 0.139246 2.34673 0.14074 0.00217331 3.00831e-07
threshold=0.92000000000000015 104803.15000000001 0.97500000000000009 1030185.2500000001 0.99500000000000011 4.3500000000000005 0.89500000000000013 0.015000000000000001
decision_type=2 2 2 2 2 2 2 2
left_child=2 -2 6 5 -5 -3 7 -1
right_child=1 3 -4 4 -6 -7 -8 -9
leaf_value=-0.10186894739405894 -0.017739242359526394 0.11487726041943802 0.050636111967947699 0.11421055108983857 0.030274047879853203 0.10982349633392996 -0.10926472449459608 -0.10194223493890897
leaf_weight=2712.7657539676875 3.496764436364173 2016.7373511269689 0.4051114022731771 73.557689927518368 3.4888819977641097 56.652445465326309 0.39739136770367522 0.56021051667630573
leaf_count=150625 19 17770 2 631 29 497 15 30
internal_value=-0.00617965 0.114369 -0.101847 0.114584 0.11041 0.114739 -0.10187 -0.101869
internal_weight=4868.06 2153.93 2714.13 2150.44 77.0466 2073.39 2713.72 2713.33
internal_count=169618 18946 150672 18927 660 18267 150670 150655
is_linear=0
shrinkage=0.1


Tree=19
num_leaves=9
num_cat=0
split_feature=1 0 3 0 1 2 3 1
split_gain=5035.7 5.75886 0.880284 0.153731 2.32137 0.149999 0.00165439 2.21566e-07
threshold=0.92000000000000015 104803.15000000001 0.97500000000000009 1030185.2500000001 0.99500000000000011 4.3500000000000005 0.89500000000000013 0.015000000000000001
decision_type=2 2 2 2 2 2 2 2
left_child=2 -2 6 5 -5 -3 7 -1
right_child=1 3 -4 4 -6 -7 -8 -9
leaf_value=-0.10168794662087184 -0.016120555958494796 0.1132340531437484 0.045272737434705182 0.11240958995627395 0.027883935349117137 0.10779716434950032 -0.10844737436702806 -0.10175400899544332
leaf_weight=2458.7587977293879 3.4648472368717185 1849.9388664737344 0.40764926373958488 67.569345384836197 3.4132560119032851 52.175597071647644 0.3621467761695375 0.50778940133750339
leaf_count=150625 19 17770 2 631 29 497 15 30
internal_value=-0.00616765 0.112688 -0.101665 0.112914 0.108345 0.113085 -0.101689 -0.101688
internal_weight=4436.6 1976.56 2460.04 1973.1 70.9826 1902.11 2459.63 2459.27
internal_count=169618 18946 150672 18927 660 18267 150670 150655
is_linear=0
shrinkage=0.1


Tree=20
num_leaves=9
num_cat=0
split_feature=1 0 3 0 1 0 3 1
split_gain=4520.99 5.45073 0.826605 0.172454 0.805989 0.17506 0.00125583 1.63286e-07
threshold=0.92000000000000015 104803.15000000001 0.97500000000000009 163301.85000000003 0.96500000000000008 1030185.2500000001 0.89500000000000013 0.015000000000000001
decision_type=2 2 2 2 2 2 2 2
left_child=2 -2 6 4 -3 -5 7 -1
right_child=1 3 -4 5 -6 -7 -8 -9
leaf_value=-0.10152474015798596 -0.014638176923707736 0.11460450760876145 0.040531277180119021 0.11171324464319554 0.058690678125493737 0.10643971454726263 -0.10769546228521142 -0.10158431305036551
leaf_weight=2228.1713841948658 3.4357530474662772 9.9774495139718038 0.40968762338161369 1729.0200558453798 3.4762687906622878 65.326637394726276 0.3298554141074409 0.46019530110061069
leaf_count=150625 19 98 2 18140 29 660 15 30
internal_value=-0.0061563 0.111198 -0.1015 0.111437 0.100157 0.111521 -0.101526 -0.101525
internal_weight=4040.61 1811.24 2229.37 1807.8 13.4537 1794.35 2228.96 2228.63
internal_count=169618 18946 150672 18927 127 18800 150670 150655
is_linear=0
shrinkage=0.1


Tree=21
num_leaves=9
num_cat=0
split_feature=1 0 3 0 1 0 3 1
split_gain=4062.11 5.18123 0.779804 0.194804 0.81766 0.194195 0.000950869 1.20394e-07
threshold=0.92000000000000015 104803.15000000001 0.97500000000000009 163301.85000000003 0.96500000000000008 1030185.2500000001 0.89500000000000013 0.015000000000000001
decision_type=2 2 2 2 2 2 2 2
left_child=2 -2 6 4 -3 -5 7 -1
right_child=1 3 -4 5 -6 -7 -8 -9
leaf_value=-0.10137753967266315 -0.013282391371077283 0.11312962426036229 0.036324507237450794 0.11042917540161881 0.055255547588260005 0.10463674985423142 -0.10700510774659269 -0.10143127743481249
leaf_weight=2018.9112302614376 3.4092683941125861 9.1396289318799955 0.41132734715938468 1581.7409768253565 3.3308947607874861 60.076643817126751 0.30029313266277213 0.41699820477515359
leaf_count=150625 19 98 2 18140 29 660 15 30
internal_value=-0.00614574 0.109869 -0.10135 0.110123 0.0976714 0.110217 -0.101378 -0.101378
internal_weight=3677.74 1657.7 2020.04 1654.29 12.4705 1641.82 2019.63 2019.33
internal_count=169618 18946 150672 18927 127 18800 150670 150655
is_linear=0
shrinkage=0.1


Tree=22
num_leaves=9
num_cat=0
split_feature=1 0 3 0 1 0 3 1
split_gain=3652.31 4.9446 0.738873 0.218523 0.829733 0.215097 0.000718341 8.88188e-08
threshold=0.92000000000000015 104803.15000000001 0.97500000000000009 163301.85000000003 0.96500000000000008 1030185.2500000001 0.89500000000000013 0.015000000000000001
decision_type=2 2 2 2 2 2 2 2
left_child=2 -2 6 4 -3 -5 7 -1
right_child=1 3 -4 5 -6 -7 -8 -9
leaf_value=-0.10124473495963793 -0.012043904860740603 0.11181927534886593 0.032581512968458931 0.10928850998835833 0.051924253008040627 0.1029289524014264 -0.10637238213934314 -0.10129322628660159
leaf_weight=1829.0607020026073 3.3851880133151999 8.3618210703134519 0.41264805197715659 1445.3911631852388 3.1972732916474333 55.215711370110512 0.27325046434998412 0.37780364602804084
leaf_count=150625 19 98 2 18140 29 660 15 30
internal_value=-0.00613582 0.108679 -0.101215 0.108949 0.0952522 0.109055 -0.101246 -0.101245
internal_weight=3345.68 1515.55 1830.12 1512.17 11.5591 1500.61 1829.71 1829.44
internal_count=169618 18946 150672 18927 127 18800 150670 150655
is_linear=0
shrinkage=0.1


Tree=23
num_leaves=9
num_cat=0
split_feature=1 0 3 1 0 2 0 1
split_gain=3285.82 4.73606 0.709756 3.07 0.24364 0.886223 0.237894 6.55953e-08
threshold=0.92000000000000015 104803.15000000001 0.99500000000000011 0.67000000000000015 163301.85000000003 2.8500000000000001 1030185.2500000001 0.015000000000000001
decision_type=2 2 2 2 2 2 2 2
left_child=2 -2 3 7 5 -3 -6 -1
right_child=1 4 -4 -5 6 -7 -8 -9
leaf_value=-0.10112487171971479 -0.010913919013316613 0.11198629933686521 -0.27640653473485738 0.22818785000354064 0.10827182204093162 0.049601989313081747 0.10129329949687893 -0.10116865515169056
leaf_weight=1657.0125408917665 3.3633171170949927 7.4338207915425283 0.23089687526225944 0.28313649445772071 1319.4963458627462 3.2827312648296356 50.727100417017937 0.34225039277225633
leaf_count=150639 19 88 1 2 18140 39 660 30
internal_value=-0.00612648 0.107607 -0.101093 -0.101069 0.107896 0.0928765 0.108013 -0.101125
internal_weight=3042.17 1384.3 1657.87 1657.64 1380.94 10.7166 1370.22 1657.35
internal_count=169618 18946 150672 150671 18927 127 18800 150669
is_linear=0
shrinkage=0.1


Tree=24
num_leaves=9
num_cat=0
split_feature=1 0 3 0 1 0 3 1
split_gain=2957.58 4.55153 0.791354 0.273076 0.935167 0.262719 0.00125228 4.83808e-08
threshold=0.92000000000000015 104803.15000000001 0.97500000000000009 163301.85000000003 0.96500000000000008 1030185.2500000001 0.89500000000000013 0.015000000000000001
decision_type=2 2 2 2 2 2 2 2
left_child=2 -2 6 4 -3 -5 7 -1
right_child=1 3 -4 5 -6 -7 -8 -9
leaf_value=-0.10101669718023246 -0.009884068404558936 0.10980585415982314 0.031831196567069772 0.10736268530042287 0.041892501055815136 0.099709568622632139 -0.10804903807249744 -0.10105620608610136
leaf_weight=1500.7167437579483 3.3434722423553458 7.111724838614462 0.44852147996425529 1203.522933319211 2.8361973315477371 46.59193079918623 0.25326466932892699 0.31000800523906846
leaf_count=150625 19 98 2 18140 29 660 15 30
internal_value=-0.00611763 0.106637 -0.100978 0.106946 0.0904435 0.107077 -0.101018 -0.101017
internal_weight=2765.13 1263.41 1501.73 1260.06 9.94792 1250.11 1501.28 1501.03
internal_count=169618 18946 150672 18927 127 18800 150670 150655
is_linear=0
shrinkage=0.1


Tree=25
num_leaves=9
num_cat=0
split_feature=1 0 3 0 0 0 3 1
split_gain=2663.38 4.38776 0.754139 0.301307 0.984014 0.289701 0.000943097 3.57647e-08
threshold=0.92000000000000015 104803.15000000001 0.97500000000000009 163301.85000000003 154114.65000000002 1030185.2500000001 0.89500000000000013 0.015000000000000001
decision_type=2 2 2 2 2 2 2 2
left_child=2 -2 6 4 -3 -5 7 -1
right_child=1 3 -4 5 -6 -7 -8 -9
leaf_value=-0.1009189972649923 -0.0089464656979655419 0.10996704703327312 0.028541710642605328 0.1065470199678531 0.039370293738239158 0.098159889451210444 -0.10731392726264609 -0.10095469110312244
leaf_weight=1359.1522938804701 3.3254804015159598 6.372642692178486 0.45010316371917625 1096.9035027623177 2.860688291490078 42.790068790316582 0.23065323010086913 0.28077457007020612
leaf_count=150625 19 88 2 18140 39 660 15 30
internal_value=-0.00610931 0.105754 -0.100877 0.106086 0.0880946 0.106232 -0.10092 -0.100919
internal_weight=2512.37 1152.25 1360.11 1148.93 9.23333 1139.69 1359.66 1359.43
internal_count=169618 18946 150672 18927 127 18800 150670 150655
is_linear=0
shrinkage=0.1


Tree=26
num_leaves=9
num_cat=0
split_feature=1 0 3 0 2 0 3 1
split_gain=2399.38 4.24179 0.721391 0.333698 1.04333 0.318977 0.000708962 2.64213e-08
threshold=0.92000000000000015 104803.15000000001 0.97500000000000009 163301.85000000003 2.8500000000000001 1030185.2500000001 0.89500000000000013 0.015000000000000001
decision_type=2 2 2 2 2 2 2 2
left_child=2 -2 6 4 -3 -5 7 -1
right_child=1 3 -4 5 -6 -7 -8 -9
leaf_value=-0.10083077580256775 -0.0080936722028028662 0.10922650986241 0.025610641793524149 0.10581276289452664 0.03407593214171635 0.096628225007492019 -0.10664229730521897 -0.10086301387654539
leaf_weight=1230.8331253007054 3.3091813474893561 5.8928057923912984 0.45138204097747703 999.05519431829453 2.6910043358802795 39.300829589366913 0.20995116326957841 0.25427449308335681
leaf_count=150625 19 88 2 18140 39 660 15 30
internal_value=-0.00610141 0.104946 -0.100785 0.105303 0.085667 0.105465 -0.100832 -0.100831
internal_weight=2282 1050.25 1231.75 1046.94 8.58381 1038.36 1231.3 1231.09
internal_count=169618 18946 150672 18927 127 18800 150670 150655
is_linear=0
shrinkage=0.1


Tree=27
num_leaves=9
num_cat=0
split_feature=1 0 3 0 1 0 3 1
split_gain=2162.27 4.11124 0.692507 0.36779 1.1147 0.350681 0.000532102 1.95134e-08
threshold=0.92000000000000015 104803.15000000001 0.97500000000000009 163301.85000000003 0.96500000000000008 1030185.2500000001 0.89500000000000013 0.015000000000000001
decision_type=2 2 2 2 2 2 2 2
left_child=2 -2 6 4 -3 -5 7 -1
right_child=1 3 -4 5 -6 -7 -8 -9
leaf_value=-0.10075109981551483 -0.0073187496907300064 0.10750995058552577 0.0229939085978089 0.10514945112847517 0.025776892324135377 0.095100152748856859 -0.10602950758481491 -0.10078021395655934
leaf_weight=1114.5398500957526 3.2944253087043753 5.6144608408212653 0.45241644978523154 909.39437761157751 2.3742731437087059 36.103476643562317 0.19101370312273402 0.23025649460032482
leaf_count=150625 19 98 2 18140 29 660 15 30
internal_value=-0.00609388 0.1042 -0.100702 0.104585 0.0832187 0.104766 -0.100752 -0.100751
internal_weight=2072.19 956.781 1115.41 953.487 7.98873 945.498 1114.96 1114.77
internal_count=169618 18946 150672 18927 127 18800 150670 150655
is_linear=0
shrinkage=0.1


Tree=28
num_leaves=9
num_cat=0
split_feature=1 0 3 0 2 0 3 1
split_gain=1949.15 3.99407 0.666978 0.400399 1.1372 0.384941 0.000398799 1.44144e-08
threshold=0.92000000000000015 104803.15000000001 0.97500000000000009 163301.85000000003 2.8500000000000001 1030185.2500000001 0.89500000000000013 0.015000000000000001
decision_type=2 2 2 2 2 2 2 2
left_child=2 -2 6 4 -3 -5 7 -1
right_child=1 3 -4 5 -6 -7 -8 -9
leaf_value=-0.10067911830413229 -0.0066151655366733821 0.10783416137066543 0.020654142507046235 0.10454796008353613 0.02421849740837944 0.09356264808696925 -0.10547103199287232 -0.10070541493385642
leaf_weight=1009.1617275611497 3.2810749709606162 5.0349122509360305 0.45325334370136161 827.34700854122639 2.4027241915464401 33.17759770154953 0.17370494361966748 0.20849156565964122
leaf_count=150625 19 88 2 18140 39 660 15 30
internal_value=-0.00608663 0.103508 -0.100625 0.103925 0.0808222 0.104124 -0.10068 -0.100679
internal_weight=1881.24 871.243 1010 867.962 7.43764 860.525 1009.54 1009.37
internal_count=169618 18946 150672 18927 127 18800 150670 150655
is_linear=0
shrinkage=0.1


Tree=29
num_leaves=9
num_cat=0
split_feature=1 0 3 0 1 0 3 1
split_gain=1757.46 3.88837 0.644375 0.437249 1.21871 0.42188 0.00029852 1.06589e-08
threshold=0.92000000000000015 104803.15000000001 0.97500000000000009 163301.85000000003 0.96500000000000008 1030185.2500000001 0.89500000000000013 0.015000000000000001
decision_type=2 2 2 2 2 2 2 2
left_child=2 -2 6 4 -3 -5 7 -1
right_child=1 3 -4 5 -6 -7 -8 -9
leaf_value=-0.10061406735641516 -0.0059768496109940498 0.10634234310335483 0.018559430271058438 0.10400030991226249 0.015649885417967132 0.09200391411882132 -0.10496254428927757 -0.10063783222296883
leaf_weight=913.68761612102389 3.2690023630857459 4.7955088876187792 0.45393060147762199 752.35601618885994 2.1441887244582176 30.503376591950655 0.15789739415049453 0.18877121340483327
leaf_count=150625 19 98 2 18140 29 660 15 30
internal_value=-0.00607962 0.102861 -0.100556 0.103311 0.0783207 0.103533 -0.100615 -0.100614
internal_weight=1707.56 793.068 914.488 789.799 6.9397 782.859 914.034 913.876
internal_count=169618 18946 150672 18927 127 18800 150670 150655
is_linear=0
shrinkage=0.1


end of trees

feature_importances:
IOPS=106
SeqRatio=84
UniqRatio=25
AvgStride=14

parameters:
[boosting: gbdt]
[objective: binary]
[metric: binary_logloss]
[tree_learner: serial]
[device_type: cpu]
[data_sample_strategy: bagging]
[data: ]
[valid: ]
[num_iterations: 30]
[learning_rate: 0.1]
[num_leaves: 31]
[num_threads: 12]
[seed: 42]
[deterministic: 0]
[force_col_wise: 0]
[force_row_wise: 0]
[histogram_pool_size: -1]
[max_depth: 4]
[min_data_in_leaf: 20]
[min_sum_hessian_in_leaf: 0.001]
[bagging_fraction: 1]
[pos_bagging_fraction: 1]
[neg_bagging_fraction: 1]
[bagging_freq: 0]
[bagging_seed: 400]
[bagging_by_query: 0]
[feature_fraction: 1]
[feature_fraction_bynode: 1]
[feature_fraction_seed: 30056]
[extra_trees: 0]
[extra_seed: 12879]
[early_stopping_round: 0]
[early_stopping_min_delta: 0]
[first_metric_only: 0]
[max_delta_step: 0]
[lambda_l1: 0]
[lambda_l2: 0]
[linear_lambda: 0]
[min_gain_to_split: 0]
[drop_rate: 0.1]
[max_drop: 50]
[skip_drop: 0.5]
[xgboost_dart_mode: 0]
[uniform_drop: 0]
[drop_seed: 17869]
[top_rate: 0.2]
[other_rate: 0.1]
[min_data_per_group: 100]
[max_cat_threshold: 32]
[cat_l2: 10]
[cat_smooth: 10]
[max_cat_to_onehot: 4]
[top_k: 20]
[monotone_constraints: ]
[monotone_constraints_method: basic]
[monotone_penalty: 0]
[feature_contri: ]
[forcedsplits_filename: ]
[refit_decay_rate: 0.9]
[cegb_tradeoff: 1]
[cegb_penalty_split: 0]
[cegb_penalty_feature_lazy: ]
[cegb_penalty_feature_coupled: ]
[path_smooth: 0]
[interaction_constraints: ]
[verbosity: 1]
[saved_feature_importance_type: 0]
[use_quantized_grad: 0]
[num_grad_quant_bins: 4]
[quant_train_renew_leaf: 0]
[stochastic_rounding: 1]
[linear_tree: 0]
[max_bin: 255]
[max_bin_by_feature: ]
[min_data_in_bin: 3]
[bin_construct_sample_cnt: 200000]
[data_random_seed: 175]
[is_enable_sparse: 1]
[enable_bundle: 1]
[use_missing: 1]
[zero_as_missing: 0]
[feature_pre_filter: 1]
[pre_partition: 0]
[two_round: 0]
[header: 0]
[label_column: ]
[weight_column: ]
[group_column: ]
[ignore_column: ]
[categorical_feature: ]
[forcedbins_filename: ]
[precise_float_parser: 0]
[parser_config_file: ]
[objective_seed: 16083]
[num_class: 1]
[is_unbalance: 0]
[scale_pos_weight: 1]
[sigmoid: 1]
[boost_from_average: 1]
[reg_sqrt: 0]
[alpha: 0.9]
[fair_c: 1]
[poisson_max_delta_step: 0.7]
[tweedie_variance_power: 1.5]
[lambdarank_truncation_level: 30]
[lambdarank_norm: 1]
[label_gain: ]
[lambdarank_position_bias_regularization: 0]
[eval_at: ]
[multi_error_top_k: 1]
[auc_mu_weights: ]
[num_machines: 1]
[local_listen_port: 12400]
[time_out: 120]
[machine_list_filename: ]
[machines: ]
[gpu_platform_id: -1]
[gpu_device_id: -1]
[gpu_use_dp: 0]
[num_gpu: 1]

end of parameters

pandas_categorical:[]
