tree
version=v4
num_class=1
num_tree_per_iteration=1
label_index=0
max_feature_idx=2
objective=binary sigmoid:1
feature_names=SeqRatio AvgStride UniqRatio
feature_infos=[0:1] [0.90000000000000002:593350.40000000002] [0.57999999999999996:1]
tree_sizes=1076 1192 1205 1205 1197 1315 1316 1316 1317 1204 1315 1215 1312 1316 1315 1317 1311 1309 1306 1315 1315 1313 1316 1312 1308 1310 1310 1313 1310 1317

Tree=0
num_leaves=9
num_cat=0
split_feature=0 1 0 0 0 1 0 2
split_gain=169356 2.06507 1.17779 0.457545 0.305679 0.15097 1.31331 0.0171132
threshold=0.92000000000000015 4.3500000000000005 0.95500000000000007 0.96500000000000008 0.015000000000000001 1.5500000000000003 0.97500000000000009 0.97500000000000009
decision_type=2 2 2 2 2 2 2 2
left_child=4 5 -3 -4 -1 6 -2 -7
right_child=1 2 3 -5 -6 7 -8 -9
leaf_value=-2.1874957045724233 -1.2273537466877955 -1.1785329691682382 -1.2279919267860904 -1.2027480748179387 -2.1569210762268418 -1.1809938538887361 -1.1804484181201209 -1.1789152968436474
leaf_weight=14930.086038216949 6.1449248492717734 17.939216092228889 10.10939249396324 24.777922779321671 3.2706858068704596 40.63579335808754 208.82833318412304 1569.3345171511173
leaf_count=150639 62 181 102 250 33 410 2107 15834
internal_value=-2.07494 -1.17986 -1.19936 -1.21006 -2.18749 -1.1793 -1.18179 -1.17897
internal_weight=16811.1 1877.77 52.8265 34.8873 14933.4 1824.94 214.973 1609.97
internal_count=169618 18946 533 352 150672 18413 2169 16244
is_linear=0
shrinkage=1


Tree=1
num_leaves=10
num_cat=0
split_feature=0 1 2 0 2 0 1 0 0
split_gain=78310.6 0.192347 0.125217 1.1155 0.0452336 0.71707 0.0573101 0.00884668 3.38229e-05
threshold=0.67000000000000015 4.3500000000000005 0.99500000000000011 0.96500000000000008 0.99500000000000011 0.97500000000000009 1.5500000000000003 0.95500000000000007 0.015000000000000001
decision_type=2 2 2 2 2 2 2 2 2
left_child=8 4 7 -4 6 -6 -2 -3 -1
right_child=1 2 3 -5 5 -7 -8 -9 -10
leaf_value=-0.11121973899025578 0.42810628176287202 0.4249687403114491 0.38436418785467852 0.42354262354784472 0.41085217955546344 0.42472744416999553 0.42504937405421439 0.4216784002824705 -0.1115680752092082
leaf_weight=13663.324386812747 64.089563116431236 32.755447775125504 8.7607920169830305 42.631645202636719 38.039213500916958 1786.0225529521704 1423.8747612386942 10.887542247772215 2.7880621701478949
leaf_count=150639 358 183 50 240 212 9929 7915 62 30
internal_value=-0.00428463 0.424645 0.420209 0.416864 0.424772 0.424438 0.425181 0.424148 -0.11122
internal_weight=17073.2 3407.06 95.0354 51.3924 3312.03 1824.06 1487.96 43.643 13666.1
internal_count=169618 18949 535 290 18414 10141 8273 245 150669
is_linear=0
shrinkage=0.1


Tree=2
num_leaves=10
num_cat=0
split_feature=0 1 0 1 0 0 0 0 1
split_gain=55240.9 0.174898 0.090146 0.03511 0.548164 0.00587725 0.0054197 2.41888e-05 1.81899e-12
threshold=0.67000000000000015 4.3500000000000005 0.95500000000000007 1.5500000000000003 0.96500000000000008 0.97500000000000009 0.9850000000000001 0.015000000000000001 470490.15000000008
decision_type=2 2 2 2 2 2 2 2 2
left_child=7 3 -3 4 -2 -4 -5 8 -1
right_child=1 2 5 6 -6 -7 -8 -9 -10
leaf_value=-0.11003877318741302 0.28225530101020091 0.31220638016885777 0.30690274489712888 0.31232198314556509 0.31188503401100731 0.30498737135155746 0.31258851646938679 -0.11034684151295937 -0.11003877318741302
leaf_weight=9740.1156604662538 6.3288118988275519 39.644016087055206 52.440073773264885 2419.9076895564795 465.29998822510242 23.067006036639214 1114.162513256073 2.5492306798696509 2748.8511089980602
leaf_count=117483 30 183 245 11123 2140 107 5121 30 33156
internal_value=-0.00530174 0.312187 0.308345 0.312298 0.311487 0.306318 0.312406 -0.110039 -0.110039
internal_weight=16612.4 4120.85 115.151 4005.7 471.629 75.5071 3534.07 12491.5 12489
internal_count=169618 18949 535 18414 2170 352 16244 150669 150639
is_linear=0
shrinkage=0.1


Tree=3
num_leaves=10
num_cat=0
split_feature=0 1 0 1 0 0 1 0 1
split_gain=42875 0.193862 0.0920122 0.0282183 0.409263 0.0206601 0.00414478 1.73638e-05 1.81899e-12
threshold=0.67000000000000015 4.3500000000000005 0.95500000000000007 1.5500000000000003 0.96500000000000008 0.96500000000000008 2.3500000000000001 0.015000000000000001 532865.45000000007
decision_type=2 2 2 2 2 2 2 2 2
left_child=7 3 -3 4 -2 -4 -5 8 -1
right_child=1 2 5 6 -6 -7 -8 -9 -10
leaf_value=-0.10899272383116548 0.2304653324952195 0.25504294361627372 0.24687836508653604 0.25523969475881214 0.25491971944072606 0.2503643117825245 0.25545555597593167 -0.10926584063850429 -0.10899272383116548
leaf_weight=11355.238265365362 6.9368582665920249 43.42956455051899 23.863247245550156 1386.0527981817722 509.46757519245148 59.127852484583855 2483.0075226277113 2.3282901942729941 48.145247340202332
leaf_count=150003 30 183 102 5819 2140 250 10425 30 636
internal_value=-0.00576866 0.255174 0.251314 0.255286 0.254591 0.249362 0.255378 -0.108993 -0.108993
internal_weight=15917.6 4511.89 126.421 4385.46 516.404 82.9911 3869.06 11405.7 11403.4
internal_count=169618 18949 535 18414 2170 352 16244 150669 150639
is_linear=0
shrinkage=0.1


Tree=4
num_leaves=10
num_cat=0
split_feature=0 2 1 0 0 2 0 1 0
split_gain=34846 0.514027 0.204861 0.121853 0.0298212 0.0204471 0.284588 0.0174232 1.25039e-05
threshold=0.92000000000000015 0.89500000000000013 4.3500000000000005 0.95500000000000007 0.96500000000000008 0.99500000000000011 0.97500000000000009 1.5500000000000003 0.015000000000000001
decision_type=2 2 2 2 2 2 2 2 2
left_child=1 8 5 -4 -5 7 -7 -2 -1
right_child=2 -3 3 4 -6 6 -8 -9 -10
leaf_value=-0.10806411570363675 0.22185615494675931 -0.049598277535852282 0.22048017442523224 0.21114982562179871 0.2152415468345657 0.2127536623034558 0.22021407309642835 0.22042264576797571 -0.1083067468461042
leaf_weight=10401.368741877377 88.616612285375595 1.5039853900670994 44.859566330909729 25.036020636558533 61.730509534478188 52.216758832335472 2460.7196868509054 1961.6864563077688 2.1244246512651435
leaf_count=150625 358 17 181 102 250 211 9929 7915 30
internal_value=-0.00601335 -0.108056 0.220138 0.216249 0.214061 0.22025 0.220059 0.220485 -0.108064
internal_weight=15099.9 10405 4694.87 131.626 86.7665 4563.24 2512.94 2050.3 10403.5
internal_count=169618 150672 18946 533 352 18413 10140 8273 150655
is_linear=0
shrinkage=0.1


Tree=5
num_leaves=11
num_cat=0
split_feature=0 1 0 0 1 0 2 0 2 2
split_gain=29097.7 0.248178 0.126252 0.038672 0.0348347 0.412697 0.00448893 9.0294e-06 8.1664e-06 1.81899e-12
threshold=0.67000000000000015 4.3500000000000005 0.95500000000000007 0.96500000000000008 1.5500000000000003 0.96500000000000008 0.97500000000000009 0.015000000000000001 0.88500000000000012 0.72500000000000009
decision_type=2 2 2 2 2 2 2 2 2 2
left_child=7 4 -3 -4 5 -2 -6 8 9 -1
right_child=1 2 3 -5 6 -7 -8 -9 -10 -11
leaf_value=-0.10723809992803923 0.1722215834574016 0.19630748539632339 0.18653938160470118 0.19116192485083111 0.19585639290261755 0.19598125789291293 0.1965267665065622 -0.10745408545294566 -0.10744036024702751 -0.10723809992803923
leaf_weight=1760.4307996481657 7.4118515849113455 45.589851543307304 25.475102216005325 62.499083563685417 102.47345216572285 534.86437267065048 3957.3647463917732 1.9367319345474232 1.9966455027461041 7718.8313338309526
leaf_count=27970 30 183 102 250 410 2140 15834 30 31 122638
internal_value=-0.00614771 0.196286 0.192037 0.189823 0.196409 0.195657 0.19651 -0.107238 -0.107238 -0.107238
internal_weight=14218.9 4735.68 133.564 87.9742 4602.11 542.276 4059.84 9483.2 9481.26 9479.26
internal_count=169618 18949 535 352 18414 2170 16244 150669 150639 150608
is_linear=0
shrinkage=0.1


Tree=6
num_leaves=11
num_cat=0
split_feature=0 1 0 0 1 0 0 0 2 2
split_gain=24729.9 0.292886 0.13939 0.0474871 0.0355695 0.415493 0.00450312 6.53912e-06 5.91922e-06 3.63798e-12
threshold=0.67000000000000015 4.3500000000000005 0.95500000000000007 0.96500000000000008 1.5500000000000003 0.96500000000000008 0.9850000000000001 0.015000000000000001 0.88500000000000012 0.70500000000000007
decision_type=2 2 2 2 2 2 2 2 2 2
left_child=7 4 -3 -4 5 -2 -6 8 9 -1
right_child=1 2 3 -5 6 -7 -8 -9 -10 -11
leaf_value=-0.10650206751895841 0.15488579327032692 0.17890418439728906 0.16841394176050711 0.17354825323492581 0.17918695595825762 0.1787212328256107 0.17941510572759581 -0.10669464609354873 -0.10668248699345043 -0.10650206751895841
leaf_weight=876.2531219497323 7.4160574972629538 45.044329285621643 25.39548721909523 61.976391851902008 2744.244076743722 528.14343185722828 1263.3971447050571 1.7642633244395245 1.8188177570700634 7757.1846767291427
leaf_count=15286 30 183 102 250 11123 2140 5121 30 31 135322
internal_value=-0.00622156 0.179021 0.174386 0.172056 0.179157 0.178391 0.179259 -0.106502 -0.106502 -0.106502
internal_weight=13312.6 4675.62 132.416 87.3719 4543.2 535.559 4007.64 8637.02 8635.26 8633.44
internal_count=169618 18949 535 352 18414 2170 16244 150669 150639 150608
is_linear=0
shrinkage=0.1


Tree=7
num_leaves=11
num_cat=0
split_feature=0 2 1 0 0 1 0 2 0 2
split_gain=21278.8 0.431123 0.315856 0.184057 0.0564148 0.0286665 0.231432 0.00474581 4.74761e-06 4.00178e-11
threshold=0.92000000000000015 0.89500000000000013 4.3500000000000005 0.95500000000000007 0.96500000000000008 1.5500000000000003 0.97500000000000009 0.97500000000000009 0.015000000000000001 0.87500000000000011
decision_type=2 2 2 2 2 2 2 2 2 2
left_child=1 8 5 -4 -5 6 -2 -7 9 -1
right_child=2 -3 3 4 -6 7 -8 -9 -10 -11
leaf_value=-0.10584519338296268 0.15323363565062029 -0.050168255390951426 0.16640639136166516 0.15440911516022196 0.16005962642940919 0.16553223054080732 0.16579247102999273 0.16623576975112181 -0.1060171430674914 -0.10584498888153873
leaf_weight=7849.0439066961408 15.111788690090178 1.3909976482391346 43.405867099761963 24.950111508369446 60.548870265483856 98.365122482180595 505.55329017341137 3797.0202093869448 1.6060516610741604 9.7041109688580018
leaf_count=150439 62 17 181 102 250 410 2107 15834 30 186
internal_value=-0.00626017 -0.105835 0.165982 0.161103 0.158411 0.166125 0.165428 0.166218 -0.105845 -0.105845
internal_weight=12406.7 7861.75 4544.96 128.905 85.499 4416.05 520.665 3895.39 7860.35 7858.75
internal_count=169618 150672 18946 533 352 18413 2169 16244 150655 150625
is_linear=0
shrinkage=0.1


Tree=8
num_leaves=11
num_cat=0
split_feature=0 2 1 0 0 1 0 2 0 2
split_gain=18475.1 0.459397 0.363685 0.208637 0.0655303 0.0315417 0.252717 0.00480868 3.45351e-06 2.81943e-11
threshold=0.92000000000000015 0.89500000000000013 4.3500000000000005 0.95500000000000007 0.96500000000000008 1.5500000000000003 0.97500000000000009 0.97500000000000009 0.015000000000000001 0.87500000000000011
decision_type=2 2 2 2 2 2 2 2 2 2
left_child=1 8 5 -4 -5 6 -2 -7 9 -1
right_child=2 -3 3 4 -6 7 -8 -9 -10 -11
leaf_value=-0.10525812183504152 0.14226669935001099 -0.046799175274623628 0.15622642515068014 0.14318121551692103 0.14936369904606903 0.15533849214795961 0.15558785726053914 0.15606089227431966 -0.10541187688178771 -0.10525794424114183
leaf_weight=7139.6972192041576 14.671369865536688 1.3445214629173268 41.69750402867794 24.251283973455429 58.500196725130081 94.532594993710518 485.84034514427185 3647.6969569474459 1.4611338078975666 8.8271132819354516
leaf_count=150439 62 17 181 102 250 410 2107 15834 30 186
internal_value=-0.00627748 -0.105247 0.155787 0.150458 0.147552 0.155943 0.155197 0.156043 -0.105258 -0.105258
internal_weight=11518.5 7151.33 4367.19 124.449 82.7515 4242.74 500.512 3742.23 7149.99 7148.52
internal_count=169618 150672 18946 533 352 18413 2169 16244 150655 150625
is_linear=0
shrinkage=0.1


Tree=9
num_leaves=10
num_cat=0
split_feature=0 1 0 0 1 0 2 2 0
split_gain=16151.1 0.431987 0.217247 0.0748631 0.0443002 0.495961 0.00525824 2.72479e-05 2.51679e-06
threshold=0.67000000000000015 4.3500000000000005 0.95500000000000007 0.96500000000000008 1.5500000000000003 0.96500000000000008 0.99500000000000011 0.88500000000000012 0.015000000000000001
decision_type=2 2 2 2 2 2 2 2 2
left_child=7 4 -3 -4 5 -2 -6 8 -1
right_child=1 2 3 -5 6 -7 -8 -9 -10
leaf_value=-0.10473279447715514 0.12028486089657547 0.14768832514741848 0.13390572013736191 0.14064180918059585 0.14803395331791577 0.14727402486743749 0.14779088977650656 -0.10516804830245902 -0.10487044455469748
leaf_weight=6498.3071561604738 6.9088357836008063 40.095960140228271 23.382713675498962 56.04157729446888 1735.637577816844 470.09014390408993 1826.7818523347378 1.4387976825237263 1.3285658508539189
leaf_count=150608 30 183 102 250 7915 2140 8329 31 30
internal_value=-0.00628178 0.147613 0.141688 0.138659 0.147788 0.146883 0.147909 -0.104733 -0.104733
internal_weight=10660 4158.94 119.52 79.4243 4039.42 476.999 3562.42 6501.07 6499.64
internal_count=169618 18949 535 352 18414 2170 16244 150669 150638
is_linear=0
shrinkage=0.1


Tree=10
num_leaves=11
num_cat=0
split_feature=0 0 1 0 0 1 0 0 2 0
split_gain=14194.8 0.646295 0.473418 0.265835 0.0844106 0.0386994 0.307735 0.00590164 1.99155e-05 1.46962e-06
threshold=0.92000000000000015 0.025000000000000005 4.3500000000000005 0.95500000000000007 0.96500000000000008 1.5500000000000003 0.97500000000000009 0.9850000000000001 0.88500000000000012 0.015000000000000001
decision_type=2 2 2 2 2 2 2 2 2 2
left_child=1 8 5 -4 -5 6 -2 -7 9 -1
right_child=2 -3 3 4 -6 7 -8 -9 -10 -11
leaf_value=-0.10426218835454262 0.1254398404481451 -0.01825599143437015 0.14149081177325093 0.12604651202011297 0.13336080807526823 0.14119397405212752 0.14075663677753744 0.14147895111309924 -0.10465246094822933 -0.10438554458189316
leaf_weight=5905.0971763283014 13.522681593894957 0.87384491413831611 37.512330740690231 22.407152682542801 53.331056296825409 2305.3918560892344 437.45756550133228 1061.2040363103151 1.3079645261168469 0.96594831347465415
leaf_count=150608 62 9 181 102 250 11123 2107 5121 31 24
internal_value=-0.00627813 -0.10425 0.140978 0.134607 0.131197 0.141167 0.140297 0.141284 -0.104262 -0.104262
internal_weight=9839.07 5908.24 3930.83 113.251 75.7382 3817.58 450.98 3366.6 5907.37 5906.06
internal_count=169618 150672 18946 533 352 18413 2169 16244 150663 150632
is_linear=0
shrinkage=0.1


Tree=11
num_leaves=10
num_cat=0
split_feature=0 1 0 0 0 1 2 0 0
split_gain=12528.4 0.559776 0.270854 0.0941463 0.077516 0.0434007 1.45732e-05 3.8704e-06 9.09495e-13
threshold=0.67000000000000015 4.3500000000000005 0.95500000000000007 0.96500000000000008 0.93500000000000016 1.5500000000000003 0.88500000000000012 0.015000000000000001 1.0000000180025095e-35
decision_type=2 2 2 2 2 2 2 2 2
left_child=6 4 -3 -4 -2 -6 7 8 -1
right_child=1 2 3 -5 5 -7 -8 -9 -10
leaf_value=-0.10384019074198231 0.12121204123060086 0.13546241530141162 0.11923892295773296 0.12715723919180313 0.13472582177980866 0.13580324851953768 -0.10419044103558582 -0.10402652417458114 -0.10384019074191056
leaf_weight=5273.2645769491792 3.7092139720916739 35.663642853498459 21.371628075838089 50.486769258975983 424.05455988645554 3159.1879142969847 1.1884755380451668 1.1149741262197483 90.495284501463175
leaf_count=148067 19 183 102 250 2169 16226 31 30 2541
internal_value=-0.00626959 0.135448 0.128338 0.124802 0.135661 0.135676 -0.10384 -0.10384 -0.10384
internal_weight=9060.54 3694.47 107.522 71.8584 3586.95 3583.24 5366.06 5364.87 5363.76
internal_count=169618 18949 535 352 18414 18395 150669 150638 150608
is_linear=0
shrinkage=0.1


Tree=12
num_leaves=11
num_cat=0
split_feature=0 0 1 0 0 1 0 2 2 0
split_gain=11095.9 0.747012 0.604774 0.332167 0.104021 0.0491354 0.405354 0.00726446 1.068e-05 2.83416e-06
threshold=0.92000000000000015 0.67000000000000015 4.3500000000000005 0.95500000000000007 0.96500000000000008 1.5500000000000003 0.97500000000000009 0.97500000000000009 0.88500000000000012 0.015000000000000001
decision_type=2 2 2 2 2 2 2 2 2 2
left_child=1 8 5 -4 -5 6 -2 -7 9 -1
right_child=2 -3 3 4 -6 7 -8 -9 -10 -11
leaf_value=-0.10346142167546886 0.11204826584070851 0.0030023416090683886 0.13145376639113668 0.1132258217265239 0.12177382600195528 0.13024098380668936 0.13059706933234916 0.13123929001785023 -0.10377603665943702 -0.10362874241054434
leaf_weight=4870.1921918205917 12.153795927762983 0.65914601087570091 32.946190640330315 20.311201155185699 47.596509382128716 74.782815933227539 384.68235586583614 2881.843585819006 1.0794524662196625 1.0125454142689694
leaf_count=150608 62 3 181 102 250 410 2107 15834 31 30
internal_value=-0.00625827 -0.103447 0.130844 0.123214 0.119217 0.131074 0.130029 0.131214 -0.103462 -0.103461
internal_weight=8327.26 4872.94 3454.32 100.854 67.9077 3353.46 396.836 2956.63 4872.28 4871.2
internal_count=169618 150672 18946 533 352 18413 2169 16244 150669 150638
is_linear=0
shrinkage=0.1


Tree=13
num_leaves=11
num_cat=0
split_feature=0 0 1 0 0 1 0 2 2 0
split_gain=9854.86 0.738764 0.679937 0.368129 0.113967 0.055086 0.440096 0.00776526 7.83382e-06 2.07754e-06
threshold=0.92000000000000015 0.67000000000000015 4.3500000000000005 0.95500000000000007 0.96500000000000008 1.5500000000000003 0.97500000000000009 0.97500000000000009 0.88500000000000012 0.015000000000000001
decision_type=2 2 2 2 2 2 2 2 2 2
left_child=1 8 5 -4 -5 6 -2 -7 9 -1
right_child=2 -3 3 4 -6 7 -8 -9 -10 -11
leaf_value=-0.10312120565267152 0.10678297325471808 0.002699159006860487 0.12757929463834775 0.10782054282035639 0.11702272766553996 0.12628675461023633 0.12664744931136473 0.12735607424234313 -0.10340399025771754 -0.10327155988948973
leaf_weight=4420.5298762433231 11.511290609836577 0.65982915461063285 30.669117614626884 19.251763850450516 44.724799335002899 69.674739420413971 358.36487157642841 2682.9670694172382 0.98006402887403865 0.9191962480545034
leaf_count=150608 62 3 181 102 250 410 2107 15834 31 30
internal_value=-0.00624537 -0.103106 0.126922 0.118572 0.114254 0.127175 0.126029 0.127329 -0.103121 -0.103121
internal_weight=7640.25 4423.09 3217.16 94.6457 63.9766 3122.52 369.876 2752.64 4422.43 4421.45
internal_count=169618 150672 18946 533 352 18413 2169 16244 150669 150638
is_linear=0
shrinkage=0.1


Tree=14
num_leaves=11
num_cat=0
split_feature=0 1 0 0 0 1 0 2 2 0
split_gain=8773.14 0.761499 0.731381 0.406316 0.123898 0.0617081 0.47818 0.00852249 5.75228e-06 1.52457e-06
threshold=0.92000000000000015 4.3500000000000005 0.67000000000000015 0.95500000000000007 0.96500000000000008 1.5500000000000003 0.97500000000000009 0.99500000000000011 0.88500000000000012 0.015000000000000001
decision_type=2 2 2 2 2 2 2 2 2 2
left_child=2 5 8 -3 -5 6 -2 -7 9 -1
right_child=1 3 -4 4 -6 7 -8 -9 -10 -11
leaf_value=-0.10281538308565839 0.10195750798354991 0.12427593679920479 0.002426858953832958 0.10288445856573945 0.11276310711530904 0.12419889883593947 0.12325874935071074 0.12383342436168009 -0.10306973574888739 -0.10295058646570687
leaf_weight=4011.1521232370287 10.883281126618384 28.449886813759804 0.66044163703918357 18.212145179510117 41.91827030479908 1244.1948410570621 332.71405802667141 1309.6691313832998 0.88952790945768256 0.83418414741754432
leaf_count=150608 62 181 3 102 250 7915 2107 8329 31 30
internal_value=-0.00623179 0.123563 -0.102798 0.11443 0.109771 0.123842 0.122584 0.124011 -0.102815 -0.102815
internal_weight=6999.58 2986.04 4013.54 88.5803 60.1304 2897.46 343.597 2553.86 4012.88 4011.99
internal_count=169618 18946 150672 533 352 18413 2169 16244 150669 150638
is_linear=0
shrinkage=0.1


Tree=15
num_leaves=11
num_cat=0
split_feature=0 1 0 0 0 1 0 2 2 0
split_gain=7825.52 0.849817 0.724766 0.446639 0.133711 0.0690507 0.519344 0.00956642 4.22739e-06 1.1198e-06
threshold=0.92000000000000015 4.3500000000000005 0.67000000000000015 0.95500000000000007 0.96500000000000008 1.5500000000000003 0.97500000000000009 0.97500000000000009 0.88500000000000012 0.015000000000000001
decision_type=2 2 2 2 2 2 2 2 2 2
left_child=2 5 8 -3 -5 6 -2 -7 9 -1
right_child=1 3 -4 4 -6 7 -8 -9 -10 -11
leaf_value=-0.10254030369092507 0.097474037313218048 0.12143896659909732 0.0021822629724540968 0.098312740346588365 0.10888697647513357 0.11990873947708136 0.12032571180744389 0.12118928871388457 -0.10276921414390748 -0.10266195609895412
leaf_weight=3638.6810806039721 10.277162954211233 26.312747955322266 0.66099102795123954 17.205730348825455 39.209781423211098 59.855211496353149 308.01072680950165 2302.6032709628344 0.80711186304688354 0.75681500136852164
leaf_count=150608 62 181 3 102 250 410 2107 15834 31 30
internal_value=-0.00621807 0.120662 -0.102521 0.11068 0.105662 0.120971 0.119588 0.121157 -0.10254 -0.10254
internal_weight=6404.38 2763.47 3640.91 82.7283 56.4155 2680.75 318.288 2362.46 3640.25 3639.44
internal_count=169618 18946 150672 533 352 18413 2169 16244 150669 150638
is_linear=0
shrinkage=0.1


Tree=16
num_leaves=11
num_cat=0
split_feature=0 2 1 0 0 1 0 2 2 0
split_gain=6991.88 1.46637 0.945243 0.488969 0.143286 0.0771737 0.563351 0.0215695 0.010367 8.2323e-07
threshold=0.92000000000000015 0.97500000000000009 4.3500000000000005 0.95500000000000007 0.96500000000000008 1.5500000000000003 0.97500000000000009 0.89500000000000013 0.97500000000000009 0.015000000000000001
decision_type=2 2 2 2 2 2 2 2 2 2
left_child=1 7 5 -4 -5 6 -2 9 -7 -1
right_child=2 -3 3 4 -6 8 -8 -9 -10 -11
leaf_value=-0.10229272970070583 0.09325737127665841 0.080916159043234501 0.11898730787619677 0.094025133580060039 0.10530994034581082 0.11733225127711572 0.11776659794579541 -0.12149364876941207 0.11871930624195899 -0.1024022522274643
leaf_weight=3300.3488946799189 9.6979595273733121 0.43690882623195548 24.273967310786247 16.241711795330048 36.621601983904839 55.287137776613235 284.44322568178177 0.58515845239162345 2124.5889526903629 0.6864427775144567
leaf_count=150625 62 2 181 102 250 410 2107 15 15834 30
internal_value=-0.00620457 -0.102272 0.118139 0.107238 0.101843 0.118479 0.116959 -0.102296 0.118684 -0.102293
internal_weight=5853.21 3302.06 2551.15 77.1373 52.8633 2474.02 294.141 3301.62 2179.88 3301.04
internal_count=169618 150672 18946 533 352 18413 2169 150670 16244 150655
is_linear=0
shrinkage=0.1


Tree=17
num_leaves=11
num_cat=0
split_feature=0 2 1 0 0 1 0 2 2 0
split_gain=6255.88 1.34087 1.0481 0.533137 0.15249 0.0861433 0.609964 0.0168526 0.0112977 6.05672e-07
threshold=0.92000000000000015 0.97500000000000009 4.3500000000000005 0.95500000000000007 0.96500000000000008 1.5500000000000003 0.97500000000000009 0.89500000000000013 0.97500000000000009 0.015000000000000001
decision_type=2 2 2 2 2 2 2 2 2 2
left_child=1 7 5 -4 -5 6 -2 9 -7 -1
right_child=2 -3 3 4 -6 8 -8 -9 -10 -11
leaf_value=-0.10206979538267869 0.089249393543336025 0.070768863893907338 0.11685728914061787 0.089959687270149871 0.10196498312465259 0.11505968956809108 0.11551684554571102 -0.11979308917827676 0.11656786755168519 -0.10216844726111965
leaf_weight=2992.469554848969 9.1488733589649183 0.44890514016151328 22.343687362968922 15.326072484254835 34.167893171310425 50.963069625198841 262.12917391955853 0.53660819306969543 1956.0586774796247 0.62246811389922996
leaf_count=150625 62 2 181 102 250 410 2107 15 15834 30
internal_value=-0.00619154 -0.102047 0.115929 0.104036 0.0982475 0.116304 0.114631 -0.102073 0.11653 -0.10207
internal_weight=5344.21 2994.08 2350.14 71.8377 49.494 2278.3 271.278 2993.63 2007.02 2993.09
internal_count=169618 150672 18946 533 352 18413 2169 150670 16244 150655
is_linear=0
shrinkage=0.1


Tree=18
num_leaves=11
num_cat=0
split_feature=0 2 1 0 0 1 0 2 2 0
split_gain=5604.12 1.23535 1.1587 0.578927 0.161181 0.09603 0.658932 0.0130821 0.0123623 4.45915e-07
threshold=0.92000000000000015 0.97500000000000009 4.3500000000000005 0.95500000000000007 0.96500000000000008 1.5500000000000003 0.97500000000000009 0.89500000000000013 0.97500000000000009 0.015000000000000001
decision_type=2 2 2 2 2 2 2 2 2 2
left_child=1 7 5 -4 -5 6 -2 9 -7 -1
right_child=2 -3 3 4 -6 8 -8 -9 -10 -11
leaf_value=-0.1018689468514859 0.085405128076353184 0.062274773823337383 0.11499813852366499 0.086068533713439088 0.098798200314368242 0.11303942255926841 0.11352469752684598 -0.11817951719179563 0.11468409224318693 -0.10195784690270698
leaf_weight=2712.7649776004255 8.6317218691110593 0.45856434106826682 20.52742100507021 14.462336003780363 31.856650084257126 46.895098432898521 241.13247956335545 0.4918358251452436 1797.490614593029 0.56433656439185043
leaf_count=150625 62 2 181 102 250 410 2107 15 15834 30
internal_value=-0.00617906 -0.101844 0.113979 0.101019 0.0948236 0.114393 0.112553 -0.101872 0.114642 -0.101869
internal_weight=4875.28 2714.28 2161 66.8464 46.319 2094.15 249.764 2713.82 1844.39 2713.33
internal_count=169618 150672 18946 533 352 18413 2169 150670 16244 150655
is_linear=0
shrinkage=0.1


Tree=19
num_leaves=11
num_cat=0
split_feature=0 1 2 0 0 1 0 2 2 0
split_gain=5025.46 1.27728 1.14563 0.626068 0.169206 0.106914 0.709976 0.0135668 0.0100973 3.28412e-07
threshold=0.92000000000000015 4.3500000000000005 0.97500000000000009 0.95500000000000007 0.96500000000000008 1.5500000000000003 0.97500000000000009 0.97500000000000009 0.89500000000000013 0.015000000000000001
decision_type=2 2 2 2 2 2 2 2 2 2
left_child=2 5 8 -3 -5 6 -2 -7 9 -1
right_child=1 3 -4 4 -6 7 -8 -9 -10 -11
leaf_value=-0.10168794611914725 0.081689997891356475 0.11336886467923586 0.055058571983542373 0.082314809516255819 0.095765801850018095 0.11122935045502019 0.11174801420474811 0.11302682963884661 -0.11665992512518997 -0.10176807999473035
leaf_weight=2458.7580915950239 8.1472745388746244 18.827185675501823 0.46635213494300742 13.652175843715666 29.691218912601471 43.087551034986973 221.47665609419346 1649.0587338134646 0.45053364709019561 0.51153654232621093
leaf_count=150625 62 181 2 102 250 410 2107 15834 15 30
internal_value=-0.00616719 0.11225 -0.101661 0.0981428 0.091529 0.112706 0.110682 0.112981 -0.101691 -0.101688
internal_weight=4444.13 1983.94 2460.19 62.1706 43.3434 1921.77 229.624 1692.15 2459.72 2459.27
internal_count=169618 18946 150672 533 352 18413 2169 16244 150670 150655
is_linear=0
shrinkage=0.1


Tree=20
num_leaves=11
num_cat=0
split_feature=0 1 2 0 0 1 0 2 2 0
split_gain=4510.57 1.40407 1.06866 0.674231 0.176411 0.118879 0.762789 0.0149188 0.00775449 2.42018e-07
threshold=0.92000000000000015 4.3500000000000005 0.97500000000000009 0.95500000000000007 0.96500000000000008 1.5500000000000003 0.97500000000000009 0.97500000000000009 0.89500000000000013 0.015000000000000001
decision_type=2 2 2 2 2 2 2 2 2 2
left_child=2 5 8 -3 -5 6 -2 -7 9 -1
right_child=1 3 -4 4 -6 7 -8 -9 -10 -11
leaf_value=-0.10152473970478815 0.078077784308241929 0.11193600200972342 0.048856582403051275 0.078670520598034588 0.092832041336973453 0.10959467804424408 0.11015205496439001 0.11156240412292109 -0.11523797818612327 -0.10159699985318922
leaf_weight=2228.170742277056 7.6955211758613578 17.242408238351345 0.47263738512992759 12.895871371030806 27.671476632356644 39.538989178836346 203.15520584583282 1510.7111246138811 0.41243401169776817 0.4635971412062635
leaf_count=150625 62 181 2 102 250 410 2107 15834 15 30
internal_value=-0.00615596 0.110706 -0.101495 0.0953709 0.0883303 0.111209 0.108981 0.111512 -0.101527 -0.101525
internal_weight=4048.43 1818.91 2229.52 57.8098 40.5673 1761.1 210.851 1550.25 2229.05 2228.63
internal_count=169618 18946 150672 533 352 18413 2169 16244 150670 150655
is_linear=0
shrinkage=0.1


Tree=21
num_leaves=11
num_cat=0
split_feature=0 1 2 0 0 1 0 2 2 0
split_gain=4051.54 1.5392 1.00218 0.723031 0.182645 0.132019 0.817023 0.0164282 0.00853459 1.78426e-07
threshold=0.92000000000000015 4.3500000000000005 0.97500000000000009 0.95500000000000007 0.96500000000000008 1.5500000000000003 0.97500000000000009 0.97500000000000009 0.90500000000000014 0.015000000000000001
decision_type=2 2 2 2 2 2 2 2 2 2
left_child=2 5 8 -3 -5 6 -2 -7 9 -1
right_child=1 3 -4 4 -6 7 -8 -9 -10 -11
leaf_value=-0.10137754659757717 0.074549184915984765 0.11067199431799282 0.043477285217801261 0.075114878127089557 0.089967668644407417 0.10810624256567609 0.1087078258189571 0.11026298438189844 -0.11947924374932831 -0.10144272535276738
leaf_weight=2019.0274519016966 7.275877781212329 15.770622186362742 0.47771389782428642 12.192680254578589 25.794759660959244 36.243775360286236 186.13974953442812 1382.2312630191445 0.26049571111798187 0.42008552514016528
leaf_count=150633 62 181 2 102 250 410 2107 15834 7 30
internal_value=-0.00614535 0.109319 -0.101346 0.0926728 0.0852004 0.109874 0.107423 0.110208 -0.10138 -0.101378
internal_weight=3685.83 1665.65 2020.19 53.7581 37.9874 1611.89 193.416 1418.48 2019.71 2019.45
internal_count=169618 18946 150672 533 352 18413 2169 16244 150670 150663
is_linear=0
shrinkage=0.1


Tree=22
num_leaves=11
num_cat=0
split_feature=0 1 2 0 0 1 0 2 2 0
split_gain=3641.62 1.68273 0.944441 0.772021 0.187761 0.146431 0.872293 0.0181056 0.00443333 1.31665e-07
threshold=0.92000000000000015 4.3500000000000005 0.97500000000000009 0.95500000000000007 0.96500000000000008 1.5500000000000003 0.97500000000000009 0.97500000000000009 0.89500000000000013 0.015000000000000001
decision_type=2 2 2 2 2 2 2 2 2 2
left_child=2 5 8 -3 -5 6 -2 -7 9 -1
right_child=1 3 -4 4 -6 7 -8 -9 -10 -11
leaf_value=-0.10124473458965916 0.071090552091320258 0.10955392252800229 0.038777557889935671 0.071633109908820519 0.087148875032654768 0.10673933602145591 0.10739082405559078 0.10910532722201188 -0.11257765563447696 -0.10130355698515797
leaf_weight=1829.0601721322164 6.8873496800661078 14.408017851412295 0.48181654512882133 11.541119292378424 24.056588850915432 33.19328436255455 170.38633488118649 1263.2855790704489 0.3452464509755363 0.38060471601784129
leaf_count=150625 62 181 2 102 250 410 2107 15834 15 30
internal_value=-0.00613531 0.108064 -0.10121 0.0900234 0.0821185 0.108676 0.105981 0.109045 -0.101247 -0.101245
internal_weight=3354.03 1523.76 1830.27 50.0057 35.5977 1473.75 177.274 1296.48 1829.79 1829.44
internal_count=169618 18946 150672 533 352 18413 2169 16244 150670 150655
is_linear=0
shrinkage=0.1


Tree=23
num_leaves=11
num_cat=0
split_feature=0 1 2 0 0 1 0 2 2 0
split_gain=3275.03 1.83462 0.894069 0.820702 0.191631 0.162222 0.928172 0.0199636 0.00478832 9.71709e-08
threshold=0.92000000000000015 4.3500000000000005 0.97500000000000009 0.95500000000000007 0.96500000000000008 1.5500000000000003 0.97500000000000009 0.97500000000000009 0.90500000000000014 0.015000000000000001
decision_type=2 2 2 2 2 2 2 2 2 2
left_child=2 5 8 -3 -5 6 -2 -7 9 -1
right_child=1 3 -4 4 -6 7 -8 -9 -10 -11
leaf_value=-0.101124880392772 0.067693084868065176 0.1085625498470477 0.034647700002180808 0.0682154064272643 0.084356447431227777 0.10547272702096711 0.10618007551576931 0.10806984982352275 -0.11586121493835973 -0.10117797306633031
leaf_weight=1656.9586956696585 6.5286572724580756 13.149867199361323 0.48513367772102256 10.939188823103903 22.451232649385929 30.376854948699474 155.84036812931299 1153.4602680131793 0.22052758559584518 0.34479109011590381
leaf_count=150633 62 181 2 102 250 410 2107 15834 7 30
internal_value=-0.00612582 0.106922 -0.101087 0.0874019 0.0790684 0.107597 0.104633 0.108003 -0.101127 -0.101125
internal_weight=3050.76 1392.75 1658.01 46.5403 33.3904 1346.21 162.369 1183.84 1657.52 1657.3
internal_count=169618 18946 150672 533 352 18413 2169 16244 150670 150663
is_linear=0
shrinkage=0.1


Tree=24
num_leaves=11
num_cat=0
split_feature=0 1 0 2 0 1 0 2 2 0
split_gain=2946.77 1.99472 0.868522 0.849956 0.194144 0.179501 0.9842 0.0220161 0.0035575 7.17339e-08
threshold=0.92000000000000015 4.3500000000000005 0.95500000000000007 0.97500000000000009 0.96500000000000008 1.5500000000000003 0.97500000000000009 0.97500000000000009 0.90500000000000014 0.015000000000000001
decision_type=2 2 2 2 2 2 2 2 2 2
left_child=3 5 -3 8 -4 6 -2 -7 9 -1
right_child=1 2 4 -5 -6 7 -8 -9 -10 -11
leaf_value=-0.10101669218293524 0.064351933051726748 0.10768165462649915 0.064856146389121072 0.03100173770680191 0.081575224799156812 0.10428795862238818 0.10505748548575838 0.10713991520461089 -0.11428327496685109 -0.10106462279053761
leaf_weight=1500.8022300228477 6.1983342543244353 11.990847483277319 10.38454243540764 0.48781667649745841 20.9721290320158 27.782513067126274 142.44034802913666 1052.2900995090604 0.20215561240911384 0.31231198087334533
leaf_count=150633 62 181 102 2 250 410 2107 15834 7 30
internal_value=-0.0061168 0.105874 0.0847915 -0.100976 0.0760383 0.106618 0.10336 0.107067 -0.101018 -0.101017
internal_weight=2773.86 1272.06 43.3475 1501.8 31.3567 1228.71 148.639 1080.07 1501.32 1501.11
internal_count=169618 18946 533 150672 352 18413 2169 16244 150670 150663
is_linear=0
shrinkage=0.1


Tree=25
num_leaves=11
num_cat=0
split_feature=0 1 0 2 1 0 0 2 2 0
split_gain=2652.51 2.16276 0.914889 0.811202 0.198387 1.03988 0.195217 0.0242778 0.0026411 5.29958e-08
threshold=0.92000000000000015 4.3500000000000005 0.95500000000000007 0.97500000000000009 1.5500000000000003 0.97500000000000009 0.96500000000000008 0.97500000000000009 0.90500000000000014 0.015000000000000001
decision_type=2 2 2 2 2 2 2 2 2 2
left_child=3 4 -3 8 5 -2 -4 -6 9 -1
right_child=1 2 6 -5 7 -7 -8 -9 -10 -11
leaf_value=-0.10091900119988494 0.06106559480239622 0.1068974632222995 0.061553164631852231 0.027770962770862568 0.10316884384746686 0.10400719091325178 0.078793642124481089 0.10630128985786434 -0.11286493961695188 -0.10096229023000479
leaf_weight=1359.2297271220013 5.8948005884885779 10.925290051847695 9.8746198713779467 0.48998738825321098 25.397524897009134 130.12080938741565 19.612232998013496 959.27978296950459 0.18509896099567313 0.2828634325414886
leaf_count=150633 62 181 102 2 410 2107 250 15834 7 30
internal_value=-0.0061082 0.104906 0.0821787 -0.100874 0.105726 0.102146 0.0730201 0.10622 -0.100921 -0.100919
internal_weight=2521.29 1161.11 40.4121 1360.19 1120.69 136.016 29.4869 984.677 1359.7 1359.51
internal_count=169618 18946 533 150672 18413 2169 352 16244 150670 150663
is_linear=0
shrinkage=0.1


Tree=26
num_leaves=11
num_cat=0
split_feature=0 1 0 2 1 0 0 2 2 0
split_gain=2388.46 2.33832 0.959178 0.777063 0.219001 1.09469 0.194798 0.0267651 0.00195963 3.91358e-08
threshold=0.92000000000000015 4.3500000000000005 0.95500000000000007 0.97500000000000009 1.5500000000000003 0.97500000000000009 0.96500000000000008 0.97500000000000009 0.90500000000000014 0.015000000000000001
decision_type=2 2 2 2 2 2 2 2 2 2
left_child=3 4 -3 8 5 -2 -4 -6 9 -1
right_child=1 2 6 -5 7 -7 -8 -9 -10 -11
leaf_value=-0.10083079084138698 0.057835284350653521 0.10619818302425206 0.058307156189827972 0.02489954131744471 0.10210093785222557 0.10301516830725943 0.076003401058468978 0.10554165997422449 -0.11159021980483173 -0.10086988119156666
leaf_weight=1230.9031170057133 5.6164219602942458 9.9473779127001745 9.4067487865686434 0.4917440265417089 23.208829995244741 118.81453876569867 18.364259153604507 873.92108724266291 0.169299790635704 0.25616795942187209
leaf_count=150633 62 181 102 2 410 2107 250 15834 7 30
internal_value=-0.00609993 0.104005 0.0795533 -0.100782 0.104907 0.100976 0.0700092 0.105453 -0.100832 -0.100831
internal_weight=2291.1 1059.28 37.7184 1231.82 1021.56 124.431 27.771 897.13 1231.33 1231.16
internal_count=169618 18946 533 150672 18413 2169 352 16244 150670 150663
is_linear=0
shrinkage=0.1


Tree=27
num_leaves=11
num_cat=0
split_feature=0 1 0 2 1 0 0 2 2 0
split_gain=2151.31 2.52083 1.00075 0.746919 0.241469 1.14808 0.19287 0.0294951 0.00145335 2.89081e-08
threshold=0.92000000000000015 4.3500000000000005 0.95500000000000007 0.97500000000000009 1.5500000000000003 0.97500000000000009 0.96500000000000008 0.97500000000000009 0.90500000000000014 0.015000000000000001
decision_type=2 2 2 2 2 2 2 2 2 2
left_child=3 4 -3 8 5 -2 -4 -6 9 -1
right_child=1 2 6 -5 7 -7 -8 -9 -10 -11
leaf_value=-0.10075110936141296 0.054664375080416265 0.10557369059869084 0.055121065150740639 0.022341337037972708 0.10107127855582126 0.10206887646284871 0.073199187317302322 0.1048503372413022 -0.11044449033930702 -0.10078641433317055
leaf_weight=1114.603293012362 5.3615500777959815 9.0512812621891481 8.9782187640666979 0.49316583573818107 21.203352481126785 108.45415216684341 17.220872387290001 795.70479477196932 0.15469667036086221 0.23197254538535972
leaf_count=150633 62 181 102 2 410 2107 250 15834 7 30
internal_value=-0.00609193 0.103157 0.0769076 -0.100698 0.104151 0.0998358 0.067004 0.104752 -0.100752 -0.100751
internal_weight=2081.46 965.974 35.2504 1115.48 930.724 113.816 26.1991 816.908 1114.99 1114.84
internal_count=169618 18946 533 150672 18413 2169 352 16244 150670 150663
is_linear=0
shrinkage=0.1


Tree=28
num_leaves=11
num_cat=0
split_feature=0 1 0 2 1 0 0 2 2 0
split_gain=1938.17 2.70957 1.03897 0.720247 0.265919 1.1995 0.189458 0.0324862 0.0010775 2.13727e-08
threshold=0.92000000000000015 4.3500000000000005 0.95500000000000007 0.97500000000000009 1.5500000000000003 0.97500000000000009 0.96500000000000008 0.97500000000000009 0.90500000000000014 0.015000000000000001
decision_type=2 2 2 2 2 2 2 2 2 2
left_child=3 4 -3 8 5 -2 -4 -6 9 -1
right_child=1 2 6 -5 7 -7 -8 -9 -10 -11
leaf_value=-0.10067911426121115 0.051557882016352252 0.10501525533330483 0.051999590492793658 0.020057739658469648 0.1000680543548258 0.10115695708384227 0.070378425098242312 0.10421793953207699 -0.10941452572128395 -0.10071101615737701
leaf_weight=1009.2192416251637 5.1285567656159392 8.2312660440802556 8.5863382816314715 0.49431681632995506 19.368233636021614 98.973379012197256 16.174837611615658 724.13013205677271 0.14122562855482002 0.21004658471792836
leaf_count=150633 62 181 102 2 410 2107 250 15834 7 30
internal_value=-0.00608412 0.102353 0.0742368 -0.100621 0.103447 0.0987135 0.0640053 0.10411 -0.10068 -0.100679
internal_weight=1890.66 880.593 32.9924 1010.06 847.6 104.102 24.7612 743.498 1009.57 1009.43
internal_count=169618 18946 533 150672 18413 2169 352 16244 150670 150663
is_linear=0
shrinkage=0.1


Tree=29
num_leaves=11
num_cat=0
split_feature=0 1 0 2 1 0 0 2 2 0
split_gain=1746.47 2.90363 1.07322 0.696605 0.292484 1.24839 0.184622 0.0357573 0.000798641 1.57939e-08
threshold=0.92000000000000015 4.3500000000000005 0.95500000000000007 0.97500000000000009 1.5500000000000003 0.97500000000000009 0.96500000000000008 0.97500000000000009 0.90500000000000014 0.015000000000000001
decision_type=2 2 2 2 2 2 2 2 2 2
left_child=3 4 -3 8 5 -2 -4 -6 9 -1
right_child=1 2 6 -5 7 -7 -8 -9 -10 -11
leaf_value=-0.10061407770154984 0.048521978016231981 0.10451528513442299 0.048948638504955948 0.018016075184981009 0.099080426995039411 0.10026902029892835 0.06754109575623618 0.10363618864668783 -0.10848839263255512 -0.10064289869892232
leaf_weight=913.73962383624166 4.9158557504415503 7.4817681200802353 8.2284790724515933 0.49524864554405112 17.691000539809465 90.307914309203625 15.219108127057551 658.71117356047034 0.12882137577980657 0.19018010515719552
leaf_count=150633 62 181 102 2 410 2107 250 15834 7 30
internal_value=-0.00607641 0.101582 0.0715387 -0.100551 0.102787 0.0975976 0.0610164 0.103517 -0.100615 -0.100614
internal_weight=1717.11 802.555 30.9294 914.554 771.626 95.2238 23.4476 676.402 914.059 913.93
internal_count=169618 18946 533 150672 18413 2169 352 16244 150670 150663
is_linear=0
shrinkage=0.1


end of trees

feature_importances:
SeqRatio=159
UniqRatio=70
AvgStride=63

parameters:
[boosting: gbdt]
[objective: binary]
[metric: binary_logloss]
[tree_learner: serial]
[device_type: cpu]
[data_sample_strategy: bagging]
[data: ]
[valid: ]
[num_iterations: 30]
[learning_rate: 0.1]
[num_leaves: 31]
[num_threads: 12]
[seed: 42]
[deterministic: 0]
[force_col_wise: 0]
[force_row_wise: 0]
[histogram_pool_size: -1]
[max_depth: 4]
[min_data_in_leaf: 20]
[min_sum_hessian_in_leaf: 0.001]
[bagging_fraction: 1]
[pos_bagging_fraction: 1]
[neg_bagging_fraction: 1]
[bagging_freq: 0]
[bagging_seed: 400]
[bagging_by_query: 0]
[feature_fraction: 1]
[feature_fraction_bynode: 1]
[feature_fraction_seed: 30056]
[extra_trees: 0]
[extra_seed: 12879]
[early_stopping_round: 0]
[early_stopping_min_delta: 0]
[first_metric_only: 0]
[max_delta_step: 0]
[lambda_l1: 0]
[lambda_l2: 0]
[linear_lambda: 0]
[min_gain_to_split: 0]
[drop_rate: 0.1]
[max_drop: 50]
[skip_drop: 0.5]
[xgboost_dart_mode: 0]
[uniform_drop: 0]
[drop_seed: 17869]
[top_rate: 0.2]
[other_rate: 0.1]
[min_data_per_group: 100]
[max_cat_threshold: 32]
[cat_l2: 10]
[cat_smooth: 10]
[max_cat_to_onehot: 4]
[top_k: 20]
[monotone_constraints: ]
[monotone_constraints_method: basic]
[monotone_penalty: 0]
[feature_contri: ]
[forcedsplits_filename: ]
[refit_decay_rate: 0.9]
[cegb_tradeoff: 1]
[cegb_penalty_split: 0]
[cegb_penalty_feature_lazy: ]
[cegb_penalty_feature_coupled: ]
[path_smooth: 0]
[interaction_constraints: ]
[verbosity: 1]
[saved_feature_importance_type: 0]
[use_quantized_grad: 0]
[num_grad_quant_bins: 4]
[quant_train_renew_leaf: 0]
[stochastic_rounding: 1]
[linear_tree: 0]
[max_bin: 255]
[max_bin_by_feature: ]
[min_data_in_bin: 3]
[bin_construct_sample_cnt: 200000]
[data_random_seed: 175]
[is_enable_sparse: 1]
[enable_bundle: 1]
[use_missing: 1]
[zero_as_missing: 0]
[feature_pre_filter: 1]
[pre_partition: 0]
[two_round: 0]
[header: 0]
[label_column: ]
[weight_column: ]
[group_column: ]
[ignore_column: ]
[categorical_feature: ]
[forcedbins_filename: ]
[precise_float_parser: 0]
[parser_config_file: ]
[objective_seed: 16083]
[num_class: 1]
[is_unbalance: 0]
[scale_pos_weight: 1]
[sigmoid: 1]
[boost_from_average: 1]
[reg_sqrt: 0]
[alpha: 0.9]
[fair_c: 1]
[poisson_max_delta_step: 0.7]
[tweedie_variance_power: 1.5]
[lambdarank_truncation_level: 30]
[lambdarank_norm: 1]
[label_gain: ]
[lambdarank_position_bias_regularization: 0]
[eval_at: ]
[multi_error_top_k: 1]
[auc_mu_weights: ]
[num_machines: 1]
[local_listen_port: 12400]
[time_out: 120]
[machine_list_filename: ]
[machines: ]
[gpu_platform_id: -1]
[gpu_device_id: -1]
[gpu_use_dp: 0]
[num_gpu: 1]

end of parameters

pandas_categorical:[]
